799
22429
3695
27182
22873
7373
19777
24820
16241
25286
4434
16025
8613
6001
31607
18074
19589
5437
16902
374
27730
1824
22470
1145
18329
9686
1745
21499
17326
22527
16900
6275
7535
19154
31935
29075
19257
11763
17339
3890
30773
27679
30057
29397
5341
10387
21459
6408
19388
5804
2429
23167
21610
11836
16310
26157
3751
32383
20886
18287
7184
26665
31562
9541
22171
18097
10121
1422
26805
6312
327
7852
17640
23152
13353
15643
28435
30810
10260
15872
25871
28881
28983
22615
29369
13287
20387
14625
11968
2737
4205
5279
11302
28944
29826
17701
11145
8050
13238
14476
30643
811
26343
9476
14900
13017
13462
2047
19398
26086
23262
5833
7312
11976
17862
14421
10658
814
14070
30140
3784
21063
15281
17378
8575
18428
28910
24737
29690
23229
29305
6521
17067
3809
8978
18484
16335
986
3301
422
4995
4546
11289
3463
3647
2968
22761
15501
27222
16563
26100
682
15337
30779
16807
10173
32700
8227
27407
24346
27350
5680
18778
290
1280
22453
26318
20686
3729
16461
14138
12595
23053
1622
28053
8601
14706
6544
11191
27217
12396
28680
24905
4754
19684
31699
16728
19442
21976
19923
23047
30215
23655
32291
11319
28231
1817
2475
29077
12836
12012
21296
6698
22114
27325
21844
20312
14326
7667
27089
17330
10745
19350
26113
32353
15942
21446
20144
4020
28606
9656
9092
905
25889
2539
26743
12363
6255
12325
26418
30003
32547
17683
11855
6259
30147
1280
13828
25635
22568
10933
8655
6679
5405
1968
30504
2210
32537
6131
4007
13202
22238
25298
28970
4830
25052
10950
12575
5103
27693
21553
17392
29277
21301
11271
16370
11151
18313
15754
27549
14317
3783
1658
28947
31124
13804
30125
20843
23345
7568
23071
19356
10583
24298
32288
18103
19683
17624
9006
32169
13338
26041
22081
18918
5033
22427
25025
15711
6533
13368
18695
31354
20677
4946
1911
19125
7205
27661
7966
2605
22096
6217
26044
11002
9204
1318
2091
28066
6032
6320
7827
22794
22429
3791
11796
21452
31886
3704
6755
5400
6987
15121
13800
17130
11938
18692
13380
14697
30629
3082
23330
17614
21420
26940
20890
17356
10156
618
25578
6776
15444
13289
31238
30189
24287
13241
2634
27165
8716
8148
30193
22210
16302
25282
15517
8641
32717
20225
13691
23055
23937
2280
15933
30880
14790
29392
23255
20070
2829
21439
11881
6328
23149
4108
23509
13559
6852
15459
5942
18724
3919
23448
27724
8321
12531
21047
13981
32734
6408
31038
30116
25013
27109
4956
25499
1808
26932
30841
24081
10059
20375
31557
9555
7976
12096
17553
3103
27700
2945
25915
22306
2499
8312
21373
13689
9511
10278
19929
6738
27740
17738
25491
25220
11495
21177
150
2672
3483
106
10031
29505
7238
32029
3376
25121
356
9259
14854
6738
5403
22509
19980
20812
23987
13750
26739
8623
19
13655
25214
15069
26280
17869
24446
1954
11318
4736
529
27237
14233
13806
11918
7491
29958
27930
5606
8815
17162
29160
61
26774
6284
12591
1708
17110
10209
23871
23345
18665
18655
12126
11784
3416
844
28332
10542
6876
4359
28925
30000
4090
20175
10603
15166
8001
15077
13176
19843
22601
25861
19186
31356
25930
21243
21795
16220
17673
7143
10693
4322
19314
7192
13329
4838
13600
9575
9356
16115
31631
2580
6521
27624
18342
15285
15577
7231
13898
13230
2089
26471
15892
31483
19800
32700
3200
12920
16607
15915
2181
28456
11759
18714
23286
26479
31761
31461
28907
4770
14612
14074
21464
662
19112
4516
21891
17417
14472
17758
17541
10002
29820
10869
2153
32540
12783
21135
27785
7488
513
24296
12731
6509
18831
4491
15290
25765
31528
13832
10271
2238
31080
17060
9093
26077
3671
22359
13979
23747
27900
3591
2386
7357
6402
30396
14230
11740
23659
20347
7266
23021
4655
17862
346
25990
5493
14857
11309
27292
3882
23825
21999
6050
10099
26662
7793
3631
28755
19467
26032
19461
30827
31887
26151
16438
22657
23547
26464
5361
9942
31852
9521
21188
5603
22556
16720
7593
9521
7462
23430
10039
14237
23811
13434
22214
18077
25300
2067
19409
32739
11697
4254
7447
29029
18243
16000
29685
25620
743
8711
7956
6843
10129
6785
21252
12082
26982
8177
21243
4271
14610
12152
18028
17637
1451
18134
26945
12464
24254
26157
5978
27296
22124
569
29811
27963
31777
21631
2289
20408
1126
26056
15435
20245
12733
25027
27701
5765
25971
27937
24649
6530
6040
6199
25784
20992
17301
8455
12975
16712
27900
11679
15612
12915
9180
11351
4399
18
5372
26649
2704
17139
22977
6429
6904
24530
401
1186
18544
26307
25094
17800
25602
30593
29844
8034
8612
3164
32401
3651
27223
308
29180
2161
22443
2023
9454
29916
19584
24778
6211
30984
3324
9558
19516
16410
31250
5443
18366
5334
19829
25370
240
10578
7257
2271
26219
55
17436
13598
27990
23643
32219
1170
19763
8614
10362
29767
20587
17265
4345
23283
13883
1189
24705
27556
645
32153
29037
31886
28588
878
29254
16188
31368
3739
29380
3831
22609
28022
13371
25615
17914
32601
25461
22743
6365
14187
548
21049
9905
31800
12274
15382
23343
4132
4109
14056
5727
12397
6071
21515
27698
5854
26239
2636
2644
23626
7967
23620
25615
29592
16239
29267
22823
22959
14711
11218
7067
14984
31002
5427
21423
13941
8011
5540
23988
24539
31893
31056
1808
19605
12670
29978
6885
21050
22674
11644
21032
7173
419
2057
1264
30578
26073
4823
15263
17530
4612
31629
7946
30980
13962
31326
3091
18203
19017
10595
10561
22514
20633
28304
27965
31393
3275
7566
14235
1301
1977
11807
12743
8473
26474
22676
6201
28487
679
7541
24644
25152
6442
17832
1953
10839
19162
16981
10366
14194
19529
15175
12450
29558
23614
19046
2547
12803
23599
28806
1956
5085
4169
11469
18012
32174
18537
849
31043
19451
15948
20489
11924
6579
6222
23858
6592
17376
28771
23794
3394
30312
3120
14421
5343
2071
23504
25527
15572
5978
21921
1702
10714
19408
10812
13517
21026
16244
21430
3281
13361
21731
31312
26825
11059
6161
4499
17832
27814
1470
18406
15428
5828
26746
12567
24026
17726
12131
19064
2240
8335
11835
19299
16936
12862
18223
925
3560
24895
18939
3268
14764
20399
11798
16366
14260
22296
18924
17528
12561
11590
17919
29929
27856
22753
10409
22088
24859
8219
23967
823
23942
15379
24074
3441
20831
325
23299
24920
30814
18366
20051
29834
11440
17583
28056
24894
6868
5693
16325
1889
14505
31591
1628
8423
8443
16997
10605
11886
22616
4524
17360
19964
24208
9639
22443
13735
6312
5176
8287
267
10714
1138
22760
4015
32155
4167
19258
21508
30478
19040
11695
7432
16296
12796
8328
31020
17085
25320
18872
8462
16191
31705
29946
22827
29695
8347
10629
30537
20515
25466
19747
21769
5107
17222
23805
30327
23709
25857
31664
24995
25661
12503
12802
19198
17769
3650
7944
26239
2337
2759
24232
25998
4716
23172
3521
14865
27053
8285
1659
19668
1188
4099
7315
22032
22797
16998
1060
27976
6508
5091
24807
32658
31893
18318
18491
17165
12970
32605
32488
3973
24004
28119
14038
22081
15194
25309
13605
9845
22085
14979
10248
32757
30087
26034
9935
18018
1216
14167
989
7137
29429
20277
2563
9365
21631
31031
19303
19342
24409
6039
2260
22867
5467
24979
1065
5014
27735
32702
6743
8423
6552
22132
12947
14745
14432
18330
22656
10887
25636
12301
6073
22319
17558
4361
5017
9551
13863
28788
6621
6517
6885
22444
2625
19471
961
10945
32157
13075
24632
26460
6115
29694
32056
1964
28233
31437
4196
10978
10823
12205
1543
19354
20819
7417
7502
7396
10613
18612
29566
28168
27866
19157
15973
19850
7846
8364
25964
29997
25947
5777
714
26221
25568
15324
9942
31370
19613
7791
3257
28520
3997
23082
5569
11240
13802
32436
28850
14629
24191
17765
1791
6100
14721
22929
4594
17686
21976
16211
9970
6160
10673
22863
22503
10847
29382
28393
11617
2467
6994
15218
27333
3622
2394
19246
29414
6374
18729
6748
30237
11985
3564
12809
11554
28151
21354
14915
20375
12094
28741
13685
22322
28099
16372
4947
31456
8781
30253
30503
13632
8612
18925
6932
28652
3082
13336
7335
28867
4273
18710
1003
32242
31804
1700
4157
16975
6520
29683
20495
31790
5516
26670
4048
23238
7119
5178
28612
17458
21804
13359
15913
9123
15987
17712
8100
8733
25755
14408
10823
22712
21971
12367
32365
11078
4214
32646
12738
6439
13880
18522
12540
23030
29282
2064
17710
12602
1338
2181
21720
32494
28454
22658
19364
4915
24216
27166
4532
32344
3964
29996
15987
12777
26967
31667
10604
28943
1715
27442
30047
13563
27376
11311
29407
29523
7769
32638
3872
16793
10416
15535
13601
30159
15354
30270
18692
7203
10570
28981
2504
16474
2972
30154
31398
24785
25332
29495
27303
17028
25095
7979
19725
16273
26082
23284
18517
10393
8942
1408
18502
7528
18759
20500
10461
7646
32540
14016
30900
32244
14780
10083
22598
10318
31659
15560
2991
16530
8489
10557
11323
25527
26169
12976
9022
17693
22147
27402
30574
6876
32322
26508
28333
16072
4461
4923
1806
23062
22566
28269
14473
31720
6023
7101
28621
29015
3782
21059
29355
26477
22856
2502
23373
32685
10961
19263
23162
31547
32480
14444
32750
25979
12311
20858
1506
9531
1359
27192
22820
872
3384
31718
23813
28914
6664
15766
6815
8200
26519
22020
25456
27671
31887
10865
18481
14582
16831
2609
1099
16473
18212
16634
3348
23674
29491
14249
18886
9560
24083
312
12094
4197
1047
4214
10577
5025
6429
6464
4182
30204
25909
28940
24838
3105
14563
31653
25634
14556
18744
20158
2600
14483
9849
23208
4129
14008
1061
30092
9797
26985
2676
23803
1703
3755
11716
24967
32358
9229
10547
7144
20262
32703
22161
29718
31006
32620
17922
9233
686
24533
31629
28154
10057
2787
11757
18801
32010
7179
13703
17021
9214
27911
14390
31836
25030
20517
8595
24703
20329
30941
24451
17124
4187
23294
25391
29836
29329
19486
7299
3548
11075
9626
20475
25743
11407
21522
25966
30260
11329
39
11417
32191
20894
29945
4307
27718
15802
18014
17864
25774
26575
13677
18677
27608
7224
12178
1779
32254
7359
13204
10128
14922
28163
16781
28761
8195
23467
17895
14919
28403
22018
14810
21650
31682
17265
8768
8090
22543
5187
17234
18775
16389
27754
2254
2996
6262
17196
10231
7826
24157
11032
15621
3807
31602
17523
26447
20349
2998
1559
20061
7648
31877
11931
10672
24976
30300
4973
23920
3878
31971
7695
14961
2781
19097
20423
31339
12241
30450
8603
16558
23622
17898
18313
4882
11148
26219
22437
8470
14172
28085
19302
2031
23181
1385
25494
3572
11853
17299
23932
31234
2459
23983
10747
18750
21417
1247
27043
14738
18239
22168
13780
25967
102
26698
18686
23901
28964
21301
29655
32388
12751
16192
26491
25864
7904
22381
317
26752
22703
15698
21292
3405
13077
31019
278
28236
9201
19533
25478
29109
2800
4955
23858
6432
29675
2366
22057
5929
6394
30309
27647
11229
18227
13507
18471
28181
476
8592
20944
11520
30577
19995
24217
8612
30516
5022
21640
29393
11569
8151
11383
23264
1061
19828
21731
12047
17838
1659
2907
13324
22667
31405
29607
6904
26443
8539
21813
10814
1190
23186
12492
6548
5097
899
2493
18178
27158
12316
13677
14337
17838
28039
7136
5071
16316
28709
19231
32352
13567
24097
31267
25093
8119
12081
10437
21350
23293
17817
27260
31181
31885
9251
20434
19756
29684
32476
21591
28516
9128
8443
802
32235
12118
2738
7000
12692
2829
19297
20179
12216
14740
9921
2138
2681
27097
19073
1236
2401
16104
24579
9562
32339
7762
26822
32121
18051
1764
16715
32022
26433
32155
681
20892
26871
1451
11559
1993
5604
28008
26716
5685
27749
7236
30455
11254
24443
3590
15183
27720
31960
5430
15451
11868
17186
22539
26015
5195
28101
843
12239
296
7992
1483
30881
316
293
11425
27035
29955
32207
29505
10178
27148
24224
12745
16733
7003
25953
6386
17242
1096
2907
13206
15516
15618
15504
5043
13474
16425
6688
2979
23035
15838
4446
17061
20687
4722
31138
28427
3978
14132
14185
18758
6711
5423
27288
22649
14914
25648
24684
14438
18231
13891
12156
31779
23619
30637
3041
23465
9169
26257
17040
14571
27345
16363
4109
27619
17020
13981
10740
25517
28536
29741
6422
30213
10609
29537
29897
22174
21797
25573
6437
9818
2603
23365
25515
30090
26673
19447
28704
28410
7606
31291
18734
26106
2815
29898
15733
10035
21587
14428
23471
12942
20585
25472
19972
3505
13746
32730
9042
28895
1317
30428
19758
31290
21797
21609
4984
2008
6344
5870
22779
23192
31123
14793
1361
20235
18270
4763
21573
14810
16495
2277
30492
22772
17437
16153
9745
22517
1504
30767
4082
17680
1889
6292
14991
32570
23448
19947
25662
28111
21141
15086
8541
11520
31361
24003
25494
5420
8040
11907
25333
13652
4738
7979
6930
20682
810
27247
24261
13719
3817
27609
16054
6990
30656
25777
11173
16980
19133
4749
28387
12271
30142
3873
2515
31202
10631
11477
1309
22995
30203
22709
2177
20647
12386
9395
27369
1639
8304
16588
2972
25379
1565
18995
16748
5515
23918
4259
26714
32634
23579
14830
9329
3292
3596
17698
29751
10199
11760
31675
7664
6966
31675
19387
1107
17374
18389
468
30666
14544
18099
30190
3875
4786
4621
24580
24486
14887
18337
3782
27096
15758
19199
32735
6564
5279
31788
22669
14463
5209
29430
16759
5902
27548
26355
28154
6648
322
12883
16983
7590
23229
31555
30222
10426
3155
13281
8441
17733
9714
31942
8248
19916
13540
13561
20039
19111
27350
22510
7716
16826
1039
32753
2190
10284
23879
21476
16038
8493
16296
30649
32501
31276
22155
4886
21010
2456
13219
28629
14346
31843
10625
13240
12984
4726
29044
10705
6944
19216
28892
5004
14762
21794
10151
32701
10707
25157
18178
21207
22934
2003
21626
7498
26944
7954
29142
29472
17175
25149
27940
5442
31892
27797
13947
22262
31936
5801
29344
26715
23649
14160
14464
2189
32606
27784
13897
23180
6554
17336
29362
24819
4450
19047
29986
31154
5260
8951
21487
12827
14241
11883
21467
24019
20302
26433
12465
31654
9022
16025
3119
23406
22286
13458
11426
9963
12643
21441
32686
15677
11761
22265
11194
19081
17656
1952
15683
28372
1705
23782
21853
26203
28075
26125
9155
32580
17683
13735
16037
16405
25192
23638
25212
29143
29161
23587
31886
10475
20931
7367
31580
7917
7699
4085
11884
23985
2135
6510
19137
21104
13935
18746
20041
10102
4038
26701
15411
30418
31381
1681
11370
3090
11876
11230
6688
27144
14395
13436
19324
16748
26726
14634
2640
28396
19423
28915
32402
25909
24049
6646
26863
27436
22261
16564
10396
26323
3134
24205
878
3338
3280
21985
28008
4284
4488
5105
6429
23559
7967
26021
22653
32732
23637
32288
21365
30231
17097
5635
19862
10678
16787
26931
26802
6966
4413
27467
8980
21134
3556
30208
9651
20295
32396
25955
831
8437
2490
29150
24186
19385
30958
24269
19920
3989
18125
10498
20514
30011
29053
22555
25035
15225
26474
17614
20366
3008
22684
18036
10715
12468
20776
13504
4946
89
13176
30248
3602
31057
10995
19092
1751
17165
30941
1959
19223
2778
9002
16047
19764
27354
22696
11295
10033
21693
17919
3977
22019
30485
15034
27286
3172
8298
19783
7831
1461
17390
27592
13513
11618
27482
20219
18204
9123
4663
9366
28081
27124
5280
26121
28006
28501
12632
27587
10073
14851
13679
4447
19653
28010
32568
16455
9710
31065
11767
31102
30350
14023
2060
22644
22555
4582
14870
27973
14344
19644
11220
14435
22401
26960
2156
19978
21595
8
9951
28197
10093
22205
364
29272
732
31174
21186
10297
20083
1216
25167
11149
17100
21074
2034
6374
22430
23817
7232
25809
15324
30788
29477
133
19233
10554
32629
23453
28047
14916
9338
16507
23972
31802
3643
2948
2811
17724
29656
17940
25338
6621
15460
24855
1587
26282
23991
32228
14481
16626
1408
31121
23893
9264
25437
6006
23942
7526
17254
3841
8220
16907
24754
3250
20496
19931
2751
10564
15957
19305
23126
2791
19054
26808
8784
24654
15152
3527
25167
2775
6829
13290
8176
14233
16097
3150
16509
13976
26228
10408
14105
18618
3012
15277
21155
442
16708
2333
28270
26478
6639
14467
9896
16595
20976
2759
25547
26233
24398
12719
23232
15129
31509
21243
3548
31472
26761
25572
9234
9735
20831
10375
14537
19410
13720
19180
27022
7238
20693
7665
6527
15418
29939
10050
3641
20276
213
23269
4667
2899
25455
28565
12319
30097
17315
30382
25125
27413
31963
31325
13223
12308
12128
10622
16904
17257
5496
10731
5292
12469
21084
10310
30092
12235
3093
22452
15337
29954
7727
11607
24320
30583
3840
19407
18679
3173
30775
17989
29915
10222
20355
25719
28761
3493
5854
16697
8088
8273
26540
5849
18940
31501
10703
26068
9513
17222
16768
8378
26500
3968
13407
21936
54
30727
26393
6448
23369
7604
14768
21424
17954
3511
17721
4477
1023
3262
23938
4402
31129
14707
29883
2540
16649
830
5543
2149
15905
8393
24993
23804
26921
17769
23545
11963
22895
21693
20849
21012
2160
19332
21401
16359
17406
1335
14823
11229
4716
9487
29332
14361
14481
4841
26277
18074
14742
14469
27775
17972
3627
31835
30916
15152
3502
14555
23883
18050
8823
13223
2005
910
26063
22004
27231
16942
23389
22872
1820
20004
24979
5286
31642
32763
27281
32723
14716
129
8606
19767
11028
19437
14441
11788
3674
26248
10795
1378
32691
8036
27819
11058
9159
7033
17113
25926
27775
16134
28104
4753
31348
22016
5761
18396
15099
272
14977
25382
28029
14609
27538
7933
22271
10831
25915
11879
23996
24625
13929
4430
11784
12061
20235
18817
19549
13557
15554
28482
11405
19759
17429
12496
15625
17125
13397
11100
5742
15948
5818
28439
30215
6797
18169
27355
24097
13651
12244
26619
14232
12498
20822
1603
25419
4742
18919
15406
885
14096
17895
3777
2057
9600
18916
11720
19935
11317
7497
30625
3173
14681
20065
30142
15879
31852
21283
14299
31497
13196
7607
5977
12698
26937
5502
600
16908
6686
31272
25044
7496
27118
11872
27714
16604
26806
26628
428
26130
10186
26751
15202
21718
11595
27179
1524
19203
32339
1589
8287
27922
3907
16880
13864
30837
28358
22544
18556
13149
14780
6048
10935
31644
734
22831
12589
17478
9929
21136
24318
14535
23063
21425
19824
740
24657
15956
4766
3802
27599
9862
24750
23374
1688
9378
7602
22247
5241
13529
4583
16187
15510
9615
7777
29273
9866
31026
29543
16859
19743
13756
8852
20762
7421
28203
17873
6949
18634
18111
26704
11794
31308
30970
16834
17371
26468
2958
24249
32128
14863
31389
23907
4510
8795
4511
2583
9884
9469
3432
21637
6575
14177
28349
6200
7129
5926
16378
14249
13552
27931
12030
26289
30095
19255
32752
16052
15997
12167
13393
19003
30941
22669
10250
8634
18128
21841
10910
2876
24815
1433
7633
26899
17010
11667
21780
25522
8765
29592
6274
22384
5271
26711
19132
16484
23991
11656
19477
9110
9785
6871
5799
22185
27510
10021
6279
14049
3888
11046
25747
29406
15204
16644
15180
16285
16132
21006
13325
13484
25877
4697
8847
8946
32147
28191
22884
13912
7914
17474
28315
3457
19059
17604
18827
26692
26254
17562
9417
5099
13483
4175
4320
26268
18828
19491
3982
19252
26540
12138
15089
4689
8010
13435
30468
17728
11256
2101
13424
2248
27951
20821
15095
22856
3032
19437
16461
19070
26643
10631
1031
200
27023
1096
1214
20302
18980
3062
7339
24438
22607
27839
1069
24067
2392
4800
23879
26540
4851
4862
20547
5026
13047
2810
31659
29120
26216
24749
1189
16082
32041
38
23074
16384
30025
9524
12095
24049
6346
12027
10327
24609
13922
24660
27782
29643
7159
44
19932
26884
53
1244
22675
30308
19168
7734
25934
30105
29249
20049
16787
19583
20817
31226
2343
15207
12747
1282
15911
17931
24419
79
911
12582
6865
19215
30503
13858
30150
25893
22922
15768
23853
30741
8727
7237
7745
9950
17250
22695
6535
8857
23025
21384
27591
10898
18842
29732
7393
25252
23145
1618
12897
6366
8235
2704
14095
25535
24801
28487
572
27382
12402
20118
9984
26180
27011
8843
29377
24578
28594
7693
15005
4416
31404
30267
32663
11849
6117
5906
9880
10793
15230
26494
15038
28805
22500
29883
10153
10843
22110
3714
28014
10694
15141
25729
13761
1625
8482
6509
4317
1667
6763
30699
176
15144
24191
17733
1244
7089
4680
15455
19495
9932
20160
13859
4834
1039
29587
20614
30101
22214
14908
27996
9813
28533
6882
31730
2021
17785
20768
23329
2024
20105
29913
16762
24966
20713
8544
14603
4582
17474
24853
15205
13249
3448
28778
13334
1132
31231
3306
9840
472
6389
7329
17996
5485
26145
28737
27177
29070
14874
2337
19816
19057
7052
10220
23986
24414
10824
27100
21372
16596
24668
17716
16502
20825
13953
14700
26651
5705
14845
22225
28954
9541
6309
2425
27623
23311
15598
20036
10138
19416
4325
15084
21183
5283
21317
1070
27133
11246
31207
20956
2383
24315
23858
12040
7287
32
10699
22284
19615
14651
1323
14795
10718
2101
30417
26269
14932
23415
24052
7548
17477
18317
7471
7561
30702
10993
32019
7971
20229
23381
9266
12421
14030
29127
28130
28594
14774
13188
2320
19215
1188
1938
7518
6382
12180
32691
19219
29882
13435
19559
17872
16359
16531
8586
13416
27358
28998
16195
26554
9181
11486
5555
29791
4451
25089
25489
26696
11661
342
24434
13422
26012
31499
29697
6039
22939
17251
31013
26740
18229
15541
19851
29962
30586
26433
5682
11428
27208
29884
5209
9641
29556
16364
6131
32495
17520
18846
16632
10875
29182
4180
19507
22226
5623
13033
17246
29949
5002
15497
21739
19536
11470
32433
16308
9568
13111
26715
30708
7048
2733
12978
7007
16300
1308
937
27290
15141
16296
8793
18584
18689
21628
4788
3853
31548
8401
3377
30751
30879
26171
21468
3750
16641
27962
32607
4285
25067
2497
7705
13798
13870
17816
6017
10189
10890
16998
12170
27136
1293
2801
30300
16719
30921
21946
605
3882
10451
19488
28158
5246
17668
6126
7443
29343
24106
6751
29050
27896
22387
6746
3267
13399
9697
4825
6983
10490
27561
7563
6750
17426
682
12916
25101
2016
27566
78
13728
32061
19870
19481
11475
21266
24310
26860
13565
11252
8627
28837
5154
15699
5522
16315
26443
1879
12758
19218
9422
5115
14437
14372
8286
14502
14082
10670
467
25400
22502
7083
17265
1866
3100
1891
29687
24216
30799
21928
26500
2104
23855
32728
28042
30333
24683
32249
18494
25283
3180
8678
10234
9745
8964
7371
32156
2413
20612
19827
2147
14681
26630
23699
4276
23245
22107
17278
27075
23977
3380
356
30389
22080
31280
9959
4299
29320
19429
8771
27136
5315
27356
937
32669
20169
7899
21437
24359
26687
17300
30745
15556
20854
18519
32641
20684
14431
22266
6226
13753
1315
22249
26694
4402
5561
27704
18207
27236
27593
21433
30633
154
885
12335
24365
25869
20119
31603
28641
2075
7624
5302
13833
29504
2825
6210
24726
28154
19843
28381
4185
32266
584
19751
12818
23808
15853
18082
5318
2512
15657
1341
17616
2614
25024
4112
22164
31032
877
25058
12949
15570
23997
12205
7769
2679
28117
662
6101
24175
22758
21317
30370
6479
28890
11803
31289
13379
12802
12339
30926
1003
12797
28484
19737
17440
1061
11305
13638
30552
13066
21692
30911
15964
15090
23623
28748
28528
30914
7466
10309
10205
27701
23178
31623
6218
18799
26324
7610
32411
19067
32589
9263
18367
11080
18547
19689
7945
23814
421
5126
3596
164
15237
13800
6958
27274
632
2369
9535
31655
28771
6217
16461
4690
12793
30157
6875
29540
9382
13983
13075
7628
10271
24285
5423
7294
30202
16627
15079
8879
25267
22781
20912
31140
11680
14789
31635
29245
31536
25124
9583
27800
3200
12187
32639
27728
3417
16002
26139
27726
2185
9900
4158
14163
20182
30229
17562
15054
7229
22071
8559
20857
10396
11097
15170
26364
13156
12504
18570
15633
13128
31036
31170
9277
26304
2776
7827
15221
27954
732
12452
30605
7552
30403
3088
5943
7696
8200
10736
5470
7211
3981
5247
3112
19219
30571
10253
11082
17978
19743
27532
24076
24856
2124
4634
7870
9916
11104
16462
10690
22523
30998
1247
17897
8170
21457
2226
26707
8363
23298
15339
12222
811
30018
9073
19869
27392
28642
25938
23273
22217
11037
24271
14253
27496
23391
5926
6510
1451
22086
5103
26645
3324
8492
14171
20974
21698
2765
32342
4117
24491
25856
12164
18940
20541
21885
19101
25889
30397
28352
11352
15477
26231
30369
16534
20159
4000
4610
5364
1322
19331
30313
3097
31781
10270
19079
18081
28129
3971
28653
23571
21863
3622
22894
27517
10813
30792
29232
11635
31264
18376
18664
268
13757
14344
3102
24936
7091
9981
12680
22338
27707
19824
29782
23431
16697
3002
10197
2878
15423
13164
2104
13366
11359
32109
21916
2194
15353
24202
24956
15611
10249
27715
6960
15342
21064
29957
17219
5536
32472
17675
297
10198
23521
837
19857
28161
4189
29868
24447
26903
9324
27597
31881
8457
23499
17885
23479
31863
20398
1794
31689
13944
19579
18447
15579
32603
6943
7572
21628
18591
29744
18888
26403
16405
16818
8954
27341
1397
15550
20628
13226
15405
17303
32225
18480
14709
29104
12731
28370
28145
2938
6620
18277
9953
32670
13770
5770
1355
11923
11855
22109
31962
25334
20268
12718
22190
11215
10220
27363
25340
32638
20359
28520
5071
5930
12022
15410
23929
32496
29693
8408
14446
16331
28535
2241
20347
2051
5265
21953
11430
19244
16402
2302
22720
27866
14833
13395
2371
27025
31838
3444
4140
18289
5455
12487
2004
29038
23567
17273
22296
3911
21462
4632
12756
31452
2679
17368
10850
30906
31262
1829
22216
6823
24315
8169
2832
28246
4404
3355
20447
14330
25553
1890
4814
30152
13900
16292
9220
29168
29586
19694
8635
13420
28879
15679
18026
13592
13252
32471
27203
21267
4342
16195
24877
16344
12682
7410
31960
16110
7362
17874
24693
7840
24073
18595
3888
11374
13679
13448
31711
24088
14068
14851
2150
9102
19481
4843
3926
27570
9660
16473
13101
26651
23150
17989
15069
16874
13398
17282
27226
20618
4614
8469
13794
18450
28305
22054
6737
28062
21284
23822
3177
14377
30859
10048
860
21009
27047
18448
28488
12194
545
30922
11638
9574
11838
20430
21202
6195
8067
16787
23522
6104
204
15274
2564
23568
24719
12468
6151
9288
32593
24032
25920
17010
32477
6657
30631
29431
6299
10417
2370
15058
10853
6125
1614
14234
27304
21273
1345
22027
15302
21059
20840
4272
667
32606
7962
30103
24508
28606
1526
30089
10670
19134
16457
28406
12830
9701
25567
22585
12409
16823
2139
24179
3387
13603
242
21244
17102
8183
17793
10689
3593
27235
11901
4645
27521
1791
27896
1494
27029
2868
2436
26001
1191
32623
23202
5207
25675
15179
14329
18345
7480
9843
4997
16601
28365
10444
7486
25871
3356
5602
29366
8522
417
3395
20413
11568
11398
24598
28094
19766
3108
3011
7050
1467
22005
25368
997
21508
28011
18887
17394
18533
22825
558
21477
8006
28035
19649
16353
16168
7011
8474
18302
14079
7614
4419
28322
29694
408
13782
18790
2724
28111
23974
8898
8518
10436
12629
14047
30793
27983
19792
17712
7881
12876
5416
19872
16363
21900
16342
8676
2577
12914
23999
26537
21094
6171
22551
29645
28792
6499
18551
20487
27451
4325
7621
8973
23993
28289
21423
32382
27200
26903
27583
25446
7617
18521
15530
31815
17140
31101
19704
13941
10630
4438
957
2921
13183
17207
20350
31404
9442
12581
15888
11332
12101
13104
32544
18776
26253
8
5657
24372
24956
16207
19656
7754
14150
423
30343
27974
30476
19469
10894
12289
19470
31050
716
1941
12745
22319
29715
8092
24118
27152
21357
18212
30252
7374
15584
17414
12798
23116
4746
19085
8751
32706
643
12795
4984
12103
20806
1949
3174
21251
27935
20661
31363
27539
8620
3097
8563
14233
29128
31074
3889
16298
23407
20941
12233
25
26440
24823
16424
4463
25835
25734
4266
9685
2807
28382
13519
26349
3967
10418
14424
17216
9230
10601
8252
674
19997
31182
17101
3335
20865
17861
4638
18288
26499
9198
24792
386
396
25187
1489
26428
23953
19085
18525
11208
9773
13752
10059
12135
32420
29702
23374
14916
29851
271
3447
14457
19276
28974
24570
19524
14863
15123
6687
29166
12421
7703
25298
18608
23276
20973
3446
2523
13272
22125
25291
22688
14351
28455
21814
28810
22313
9135
9208
3043
3204
16892
2775
11943
8279
3695
4584
16795
14432
17092
3448
912
2135
5309
13016
5465
23681
16428
17598
14526
15825
31937
21515
24755
20457
18222
8949
6648
22264
15584
17557
23307
27456
18812
27281
10161
25441
30304
19856
4080
9995
18009
6162
80
9718
14657
26221
17242
13738
5802
11367
30350
26402
20018
3247
455
32648
26387
20977
1844
28638
25365
31219
26215
24769
7796
25107
17954
9501
9009
32580
3412
15710
11078
27556
27216
4027
2858
2385
23207
7065
28940
25623
21542
17372
1242
5901
5251
17370
10104
9167
2923
16904
32195
29960
6374
10086
30362
19221
70
19459
10743
30730
12620
16052
27244
31684
31805
22042
27603
24252
952
29919
3170
17389
20265
30272
22439
988
28901
6896
18978
27994
4786
22010
9415
22161
22915
15112
25246
27475
2366
15539
7096
14703
15697
17047
26318
18483
32311
27425
15185
566
12406
30436
4239
11692
22659
21600
30307
29743
18265
5335
15545
12808
6515
740
8202
28029
24254
27054
11491
3663
10194
25113
19034
12304
17894
475
29932
11763
28751
4356
7028
32435
32037
5825
24594
28426
5343
17081
32656
31835
15141
25722
19249
30347
9055
3641
24510
5358
28869
20952
15683
19775
20952
17943
21866
10209
32632
6241
29636
1566
17732
25980
18821
27799
2826
28629
20172
3092
25446
5897
23299
741
20125
1299
6404
12541
13387
29920
20864
30831
29999
18312
18562
16745
28714
13887
18075
26131
13334
25610
23811
6060
32455
19416
10872
31049
7028
7160
3162
17788
23260
2785
30994
30250
31402
20207
3287
32337
2018
23101
8262
18852
31973
17967
28630
16141
27622
8315
3789
9350
19028
16259
19992
26064
5898
4671
13805
22219
27111
25976
11778
11374
18744
4993
28681
27125
7061
8525
29011
3206
11075
22901
10574
2718
3436
2562
20790
28240
14462
19133
7488
26901
3206
18391
19017
8570
32036
27454
12808
29851
1629
15789
24817
3212
13208
17146
23345
15429
21887
23525
32122
16895
31288
32473
6578
4323
12749
14949
9910
2676
28744
5286
21001
16854
14512
8407
7009
1197
21368
9435
11797
18724
17499
15642
25141
11167
15879
10162
3678
4265
29906
18595
6713
18863
31129
18201
27521
8058
10244
32629
9794
4361
8633
21137
15865
11499
21257
7876
20028
28251
9138
28877
1827
16271
30143
30989
3774
24784
4872
9919
9907
12683
11131
14807
11916
2931
27249
23434
17532
25680
5408
8488
19567
17927
28632
17015
26758
8248
22430
19230
30753
9442
24477
9114
21870
4188
29762
22749
22357
28854
15973
6439
4526
6543
29725
25855
4814
20684
11654
15563
7907
29245
22996
13769
4355
8543
2677
9428
8823
12749
24735
20932
31751
11139
6720
20522
20429
6978
11095
17693
11345
15466
25450
6234
15421
29395
2263
428
14514
3286
15964
11633
12500
3941
23290
27610
13505
19968
16964
31245
6509
1952
966
22163
2531
5514
29389
5298
2331
25615
23282
29788
17767
17727
4810
13278
23182
5575
12559
16307
16060
26804
31924
28857
8262
10686
1007
13299
23435
17264
27221
12429
16264
12169
18481
15652
6703
1350
18317
23276
5872
22119
7335
4498
21448
13042
16576
31362
30529
22592
2101
13101
20911
26352
20903
17703
12040
31643
4825
26758
31745
17786
23450
22762
31831
18221
31451
19384
3497
11442
266
7552
11172
6676
18066
14736
28981
21139
27360
15592
14660
12438
16610
10265
23322
16345
22725
31075
22022
25829
13513
22943
29772
17031
20379
23744
22789
14675
9953
14591
11596
28028
12253
26117
9853
5316
9530
12813
6822
4569
14184
11912
1041
18409
20449
11048
25180
660
9709
20443
22346
11994
30091
2739
18411
16834
30346
23243
11691
19101
16543
25063
30235
10774
31792
491
31492
24488
19457
12255
8262
1411
27343
15761
11791
9844
4436
6063
6720
8839
2202
26695
32404
25870
19423
26982
22288
22544
21771
16641
29795
2594
22191
28334
24337
31240
17178
3771
20158
19989
24730
2774
113
15121
28696
29224
4816
30297
21137
12669
16816
20487
26330
4543
25747
538
24831
15125
1848
14713
19599
17131
29138
25133
15368
20425
25777
2855
484
16374
27194
5433
27117
15411
25757
7808
8885
19279
11449
8421
15783
3660
29662
22873
20601
25300
5658
19676
13861
11277
15735
8099
16750
29231
27732
7549
29938
14143
23514
20276
29335
18184
20410
4847
6172
646
17455
14558
8450
29124
3149
24390
944
9928
21955
7114
29935
18436
18938
25321
1564
9282
31565
31550
27240
11599
6915
3207
1891
8078
14050
29339
13776
11228
23104
24057
19916
1776
24674
25442
18722
23804
13075
369
743
9894
19430
25595
16389
14121
23031
11912
20231
23798
15812
28221
1443
31094
12234
22157
27175
17454
32164
27983
30616
27870
28176
9330
7317
23646
16646
18529
840
8462
8167
13497
27364
24615
24745
2376
26056
27058
10185
5317
3093
22810
31122
3507
343
271
24480
17995
18886
6453
26340
32156
27257
15626
19749
31633
10651
8206
22030
26622
10625
27307
20377
31985
12715
9850
16044
15360
946
15881
17630
29625
8355
1861
4287
6844
5633
10704
13194
241
29890
16704
6851
29400
28543
28114
13861
30226
4055
4350
1304
8986
5091
6121
25021
12037
29287
29752
21565
5378
11917
4244
12904
21447
3620
15018
9159
6402
31270
15883
9861
4520
26250
6344
22293
4262
3627
25580
21608
24663
19075
5059
1503
15118
27099
14926
8567
4283
11706
32737
18859
11283
3366
26201
3995
6558
25944
9757
8476
27925
27057
17815
1410
30232
1108
25364
27795
27412
333
24993
4825
1654
31281
925
22422
29835
5061
28293
681
26255
25338
15863
12840
8944
1432
8890
8841
25076
18850
26520
3651
14641
9355
19693
12251
31860
24693
15555
18285
15254
32197
27527
2432
4168
10880
20250
18720
30102
17152
31594
18088
3301
22276
30581
14391
4786
15252
27872
12650
425
14183
29081
25370
1853
16117
9533
32035
2831
628
3126
11417
8545
6846
16396
9064
8619
30336
20039
27294
30269
24512
21678
8425
2788
3266
11436
16131
7509
6713
12908
28640
29593
25111
6283
20027
7979
15643
19907
22156
134
10848
1758
25372
20473
2501
30596
1608
22282
15352
11453
8194
26856
1755
2683
7143
31796
24111
10049
11551
32365
10678
25332
17827
25026
9101
19308
22472
23406
32306
20394
10511
27466
30391
20112
26713
17956
884
9887
30579
21263
31867
13583
16889
32411
12979
29864
32654
10441
13898
23963
23770
29974
16631
30686
6335
28224
14073
2462
6773
16608
22890
10587
26462
4995
16917
20473
17200
17001
5716
7452
10371
4178
3754
11313
18065
21390
4523
16190
27528
13136
2401
27322
29185
23736
15993
3171
29090
7241
5333
22109
16407
12184
14937
29099
9851
13906
13619
11459
8569
32490
29297
25518
14476
24133
26213
20184
32660
19349
30286
16096
15021
4547
6943
16757
16523
9333
26852
31573
32350
15868
29448
17103
2235
4022
22834
25501
1654
9865
25402
11136
5391
16180
18153
4788
18680
18274
30057
12343
9059
11259
24627
8812
26280
209
31653
19308
26283
14677
19786
12687
13378
2188
13486
29086
5098
8133
3995
24101
28313
15253
5722
26009
21117
7133
23604
7030
26980
3199
27917
2116
9532
23133
729
24776
26822
23040
3577
24778
23838
8555
5579
9624
14498
29799
11804
20726
7228
31426
28024
25206
7594
25146
9544
7818
24962
22466
29521
646
1469
9079
10872
6746
23072
2460
23147
18103
19606
30956
10396
1745
11368
23089
20377
20258
11557
15803
20884
26119
1931
24886
15110
8445
1230
10236
14103
17929
11289
31678
4430
15621
18060
11405
9616
26583
28040
25963
646
17194
8862
10623
14861
28920
19554
12958
26362
27718
20046
7220
5993
27673
28957
3484
19992
9508
23468
24023
13683
23285
2049
14333
16310
11338
14638
31445
15369
10419
14306
21683
979
12771
10
3878
9925
26152
31152
27010
28490
29291
3398
21286
12610
23202
31466
20947
17846
8227
11479
8490
12081
5240
27135
5074
22711
19654
25165
25369
12499
13348
29604
2883
9384
12875
26525
1598
30939
7649
21935
5787
12011
25305
30424
18911
31317
16950
12032
2673
29586
7180
26639
4742
17089
31942
17907
17005
31327
16638
22759
23754
4498
910
3865
14941
1571
30491
13727
32275
2024
9214
2582
14128
14215
12606
31076
13868
32381
8279
13670
22268
25379
26771
27800
2142
29843
18517
12901
11637
21734
7480
28652
31543
31374
15105
1910
7314
32687
20347
24883
21294
12573
7067
23452
15755
8026
15835
20049
12194
13334
32534
13416
6508
349
25724
21069
17089
17437
14563
31614
4728
7519
17066
17921
10124
16417
5944
30280
5675
14707
26950
8215
316
4351
25653
17945
27526
30676
14652
14700
14546
12002
16812
3624
32621
913
8074
22765
1266
11973
2476
31405
11116
12763
10836
5263
2575
6549
22948
391
22005
14666
29964
29518
11670
25087
15103
776
22502
11141
25271
21221
5634
15736
1972
28104
29801
32716
19971
18758
13294
1020
11961
7082
3135
13165
27418
21506
23353
30034
12783
4365
7791
718
9459
4444
10013
14568
15225
28978
3003
11035
4148
5660
1648
15480
6279
5906
7633
31733
24304
17752
18500
29346
25321
20668
24464
26481
23158
11730
16690
28415
11468
16546
28227
24372
6701
21778
27522
4861
21113
14011
25945
29134
27163
4440
28654
14294
30032
3696
5543
1513
8108
30287
19739
21262
22224
28053
28699
23295
20040
6654
12666
11283
9531
109
26722
22658
12334
23513
7822
23164
31902
10442
6693
1797
5140
1345
21623
17098
25188
31948
22467
7667
11425
1140
27176
22134
26971
10937
27897
11692
30569
26488
11141
28506
11361
18956
30687
31604
24042
29560
23735
11638
4989
16900
12549
30161
22811
21199
23878
32454
16655
25360
20214
17339
13926
21958
11783
1289
556
11224
8649
27393
7736
21389
32716
23252
13881
9125
7434
24034
26843
6696
9912
7561
5422
14597
30403
5730
7435
18395
11793
4061
17292
6197
8862
29401
2032
11270
17736
29808
25003
24088
12056
14638
18736
6358
18090
1340
4958
18756
27279
27431
27577
6317
21917
31490
4823
25594
18479
24305
32630
4326
10416
386
524
32512
30380
26796
918
16277
15255
1024
20121
26670
26046
20119
4365
844
29755
7266
10019
98
5497
2688
27790
7109
17767
7512
21283
3991
11415
4049
26309
25717
18763
7193
31699
54
29727
21028
24146
28758
2650
24441
1284
19834
10883
20940
31292
14124
19761
22007
18009
24477
13832
8249
29800
25387
10524
12438
28660
24728
1546
29930
7652
18275
25703
22378
12429
23101
7583
3471
8635
9922
3056
3549
13598
27976
21447
5962
15011
32091
12013
2184
29301
19520
30760
11261
23468
28901
18378
20758
2978
12803
27912
12008
17350
20010
18019
22673
16861
32690
7387
20143
28172
15025
4516
7257
7237
8425
23235
22819
15640
20742
12812
25342
10089
3884
13805
16527
4169
29997
13116
18412
4582
14168
18564
14764
29946
9120
29422
2973
5837
6728
24263
12114
25050
5053
8357
24957
28387
21462
15034
31267
8279
23812
32083
15163
10598
5717
7451
20771
28524
26611
8786
3870
9133
21605
13375
32233
15861
15851
8827
29812
31260
11908
18375
14737
25860
19932
6231
25763
2785
6993
9606
19864
24011
6267
20798
25561
20279
28068
3976
34
11536
6261
4925
31365
24412
8655
11761
21295
18960
7956
22593
23388
23523
24389
17987
10386
999
3472
8404
16964
13995
3047
30589
19834
25986
24285
9538
10898
2063
25887
22004
4371
10941
32337
246
26344
19598
31993
26369
13359
28956
3185
25368
534
23038
25999
23240
10094
19542
26481
2817
22726
22795
25255
1558
18490
4580
7587
10556
8200
32706
11338
29054
27202
26017
13403
24790
17033
15375
22795
19570
22844
27705
12674
29367
5008
23684
4801
21019
14501
24827
21154
14225
32493
14912
11817
3087
24272
26696
21619
13051
21269
11979
29582
30759
22565
9054
20958
3747
10159
4672
23981
18151
7147
10142
8459
3647
9017
8503
11271
3396
9452
9412
6002
21166
15935
24648
17473
30967
23388
19538
11960
25569
22235
20244
7936
32443
31170
31497
2761
1388
24244
18709
26126
3680
4220
22607
14456
6915
2122
24697
19426
11472
21317
21274
30280
27850
9813
7591
1274
3796
5216
7829
4859
8104
10013
8335
11110
8424
20745
24192
6833
9234
32117
6547
17259
13542
20321
23791
22392
21258
24767
18320
10866
28016
481
29846
24249
5929
1296
2465
5551
17987
13637
1346
27624
3770
30323
22823
3091
12189
2950
29533
18499
31128
12937
32015
32265
6951
15877
7506
28149
25476
3050
13673
2760
20277
10266
27866
3829
11516
22815
12589
6290
20611
28227
208
6685
5173
25391
18385
32148
8198
8413
15873
12034
10594
9106
16589
21698
2220
1779
29866
3675
19253
16593
2550
16619
926
27338
3555
1247
6964
8238
25996
5922
947
2461
25901
7520
2671
16199
28885
19662
22338
3272
21394
25270
179
5998
14662
17327
30724
8302
4662
21129
3972
11601
23649
25175
24779
7079
14214
21010
18027
21676
12758
12188
19150
32650
23206
14952
14365
17058
32014
7996
23305
1212
19665
25418
9899
29284
11111
6881
26472
1934
24563
9929
23592
9364
25193
13629
5836
14929
13593
17442
23899
19934
22779
9288
28684
27850
15714
16483
15639
1263
4982
19835
6631
32112
18509
6661
13814
4376
20644
10892
10609
30881
16434
3617
8976
24841
2438
14890
11154
24066
17606
7188
31295
18287
2134
12787
5179
27345
13360
26540
13251
18927
5269
4967
17956
31367
31418
3615
23865
21076
31189
25429
17966
5576
8968
1463
21742
31249
10286
4843
9962
24928
9872
9285
925
19429
12955
12955
31418
25520
27567
1099
18213
21562
25259
5513
20236
15221
2763
4949
29461
9636
21621
6513
27596
25489
13513
352
24385
17003
16744
25476
1594
21317
21917
11373
24820
8478
15758
16114
29740
18200
312
18284
1816
18200
14698
12034
24313
4424
12322
26598
16691
26849
16405
23572
17084
9296
24794
13519
22793
11259
20378
11683
19564
32072
31925
30566
4607
9579
19107
18535
25377
12485
30957
17113
9064
19200
4822
16286
9251
24513
28170
8962
11814
32534
24344
21666
20339
7610
4145
32413
23050
7957
6921
20210
933
14208
20372
15739
24113
25731
4355
30231
13323
14341
14185
25331
31017
25682
21429
6637
25299
9226
16734
29948
24962
14933
19245
18066
23196
24003
17302
13030
17949
5745
22374
6287
10865
6032
16342
20828
9859
27069
20357
984
17353
28745
31196
26343
22566
6872
15434
7834
40
3208
14199
13532
20332
8880
27015
31648
1878
1116
15216
2745
19664
12167
1963
16664
4034
12668
9818
25302
15638
28018
6834
15251
21418
28342
9195
32586
2657
9411
24866
22157
14623
6155
872
8884
9909
6194
21342
26339
2177
11153
11409
20650
16596
24714
6034
8915
25579
704
23229
3907
27688
17835
26182
8671
11404
11322
24863
20356
3528
25037
440
17444
32755
9082
10115
7320
20447
31921
24979
3951
10577
8159
6761
10659
15624
26582
23904
18248
15582
14833
19310
18526
32287
4571
8153
20140
31397
21271
4568
26581
32729
11663
24980
13438
7165
2407
7399
13313
3709
23224
20871
16964
27203
26087
14936
27284
22130
6253
23327
1825
1214
6920
1027
6034
1703
27483
20969
17213
2151
21028
28563
32401
12122
22705
262
31557
2892
14449
10670
27526
11898
13984
21678
25377
22286
2347
27743
19033
6451
21352
28540
19866
29731
9952
19263
29273
3700
13598
9839
16701
12900
18862
13904
21259
17997
29161
21533
5978
28731
8628
11438
25305
12664
5554
5376
2191
5728
3154
19206
2827
18360
6716
26100
3435
28411
19876
26382
17181
15735
3905
21163
22898
12071
8717
15470
17929
26959
28739
30275
2011
31607
5505
4761
3864
4734
20363
32439
5929
17236
28177
32089
13426
22531
5962
15231
20988
6480
18897
26697
6647
6306
9961
7771
24265
31921
17167
30284
418
9527
1050
29318
12483
671
21737
12029
18044
14284
20437
9679
12048
23159
18382
17322
19928
22552
10197
24936
9938
2576
30466
7672
10723
1456
4490
10594
28521
6616
9121
7165
10883
9759
9102
19127
842
24172
23753
9043
9494
30815
31442
20348
25400
7773
25696
556
9654
4708
23522
10520
9556
21476
17357
3810
20896
24686
893
272
22503
24265
14794
21977
29925
32454
18134
9553
28353
6771
29456
25911
17869
15379
5143
14877
21733
13770
4453
30156
3063
30544
19597
8753
2042
26086
14862
19435
11690
31384
18506
341
27919
982
10371
23819
18050
3145
2633
20948
20591
1016
21193
11208
19824
11569
28190
20380
2632
13155
30528
29440
25977
6219
25076
8371
26078
18600
13311
11662
28803
1006
10868
21980
22076
18204
25921
26452
8920
10401
7210
7330
1943
4784
26068
872
16852
7582
20916
25892
8755
19864
26028
1963
24026
5139
19834
20894
5112
30600
31434
28216
7371
26578
27165
25643
6928
21468
18717
2542
24691
28232
150
25994
8338
21979
29882
4343
18998
219
5144
1625
17671
30671
25729
12969
25756
24283
21048
16938
32263
9203
16580
24821
10860
22543
13392
4077
12729
16735
235
8153
21601
25751
9808
31721
3564
25909
18882
15713
3230
21630
20964
32345
19555
12955
8273
12796
11354
20568
17246
20721
153
19316
31680
28909
15628
24315
24131
19952
9415
20330
25207
23252
10910
19978
12063
31645
2667
2367
29579
15403
4225
17798
17735
29176
12277
15881
7552
661
8050
16716
2912
21250
12481
18522
25982
3998
13797
2288
8557
11979
29312
23416
24000
22072
5865
19475
27334
21714
1953
8012
14929
10124
834
11554
18977
7105
25343
26550
11623
21793
11967
2984
17166
4928
28844
18630
26780
23161
17343
26370
2505
5380
31009
18624
23598
29892
24245
26766
12048
9754
4951
29994
20588
6104
21624
27213
24562
14715
12478
18863
27763
26661
6312
26567
2027
27480
31945
22717
10723
25207
20511
17953
12702
29908
15254
21803
16767
20487
9805
3914
3600
32
14770
18794
29701
14084
25297
581
16787
8816
10055
22171
31387
30945
25410
5242
25799
29094
8346
15718
18387
25474
26880
23027
208
18196
4310
11726
16403
12236
16320
29312
19099
30770
13287
617
10345
31876
12185
4579
7210
3164
12320
19616
8912
12235
24738
5982
16861
8236
13165
4440
32172
27150
16969
16479
13320
24465
29859
29157
13596
9125
10468
8110
17554
4057
30190
17108
24239
15847
23709
25611
14371
19030
20122
22041
22091
25524
3889
17909
24456
11430
25338
31847
19952
4987
19965
17016
4616
19081
818
29255
25823
7527
7969
18913
17410
3593
24003
29583
10521
5579
1351
22573
8985
27518
10201
15807
8132
10132
14907
10444
2293
3529
12544
4516
1502
4703
4357
20945
16200
3337
4828
4271
4125
12365
2694
19321
3244
21179
7681
5351
25914
31058
12997
21484
1284
30635
13442
8094
16234
31769
21908
18252
19987
2603
25459
18379
20992
24725
5026
27858
17241
29007
27480
27850
27049
26987
20186
384
22515
13661
14481
30343
30704
29007
8936
28494
771
16503
31621
20957
12377
29913
23897
9459
17574
5027
12513
30380
1011
8595
3939
27042
2750
21915
3794
29471
31777
8807
6850
10556
23498
389
11332
15109
10058
17101
6759
23274
20957
30592
30428
2032
5267
29742
27515
2990
12722
31190
20922
8210
22372
30818
23577
31216
24470
26206
18932
4629
25407
25639
31866
8663
8232
29777
13261
13994
2404
17596
17456
19672
29907
21552
25900
6514
8856
7421
32505
3136
22201
18454
3789
4692
13422
30679
18261
19476
1042
32115
26096
18144
3071
16010
25162
13635
1609
10212
12732
30397
28440
6201
26814
24409
12474
31396
27494
32322
28093
24395
25720
22530
2767
19100
695
3671
20550
2996
30861
14640
29198
19721
24550
3691
12803
29880
21361
5793
10753
20525
16504
3800
5601
23583
17441
18321
20743
17723
28794
6923
23432
5995
16752
11862
20542
13899
25396
7902
19589
27199
10057
28285
30141
32064
13263
17176
6537
24263
28244
165
16882
19542
28967
7126
29433
1067
25904
27092
2288
7598
28730
20484
29435
3663
3017
4028
8065
14540
29003
7639
30716
11602
18117
3773
18013
17235
4128
5315
25021
2183
25722
658
31433
30821
14495
30411
10339
27481
14602
21934
10059
29953
13126
2141
30148
30102
27065
21724
1357
20303
23436
4954
25615
22443
9872
29780
22130
11492
9754
29567
26566
14291
32161
31634
741
19552
15026
8300
22248
17664
9732
2340
5873
17897
9375
8979
31440
12501
26953
8321
19344
14320
8058
20742
6875
12726
10596
5939
28403
14550
13232
18393
14541
24061
680
9237
19305
23565
2670
9589
6717
16646
24138
16889
13525
31955
9650
15464
29584
1580
5854
20815
22892
4250
30713
14701
30350
32264
10726
12606
16550
19581
28658
9504
3081
30609
21726
22694
14152
21423
31374
6452
3259
5882
1366
12336
241
29740
9555
9730
9625
16129
10284
5839
20327
23577
20598
6879
10225
16046
4457
17890
10474
6430
30895
23833
22945
22090
21116
12897
2906
4499
32275
18811
31284
6773
21686
29774
4040
1955
18788
15984
730
22095
3266
10059
11178
28756
11847
18458
21932
12263
15560
18317
20180
26179
2603
28916
22624
10066
2810
2503
18272
4720
15504
23369
9222
16508
24718
30792
8748
30931
31284
1720
30873
4031
4729
7415
15356
5208
18788
3596
1903
12908
27320
7936
1804
1269
312
6506
8842
21980
1841
18749
15974
5181
28941
6533
18900
11821
28600
4548
2871
11152
31694
9130
27409
11156
11862
12541
18558
17914
16359
9275
15102
11330
27252
5044
29810
3311
31699
11199
29668
17828
12250
23118
15066
4970
29844
5271
30219
26624
30138
22385
6224
13739
12384
15445
20897
14377
7609
3905
30613
11882
24205
22955
11459
13669
3559
14946
15537
24900
2787
2602
361
15853
578
31986
12806
28369
28870
325
21244
13926
75
2333
14415
30329
17472
16725
25768
5014
23402
21447
23752
15844
11436
26186
21441
4232
18046
22082
6777
32331
3395
3923
25716
136
6956
23606
27684
2529
9315
26850
4148
8282
11643
2213
13681
25145
22940
24003
25378
3097
27192
22110
6526
20693
21728
18306
14070
505
26765
30166
17436
13461
28135
7656
4612
4325
26573
27620
19315
18294
23916
8826
24712
10778
7786
7177
20308
911
29435
4088
13693
3056
21230
16895
31248
20096
7719
25044
11746
3440
22554
25025
112
26678
24939
24214
23516
21530
13114
17419
29159
3249
8030
25781
25820
12156
24044
3572
10761
23620
15219
30014
20967
32472
372
28185
23964
16063
25570
29944
29929
10690
25602
11708
10169
12640
13627
3804
24353
25666
2528
21425
12309
22342
10999
5118
14111
21360
17135
18015
14568
5553
3264
5881
2208
7035
8486
4537
7096
3439
5142
14487
8377
21681
30730
1286
10553
935
19651
25431
20530
24402
25977
1554
20725
5409
19003
18310
18748
17431
36
14363
24249
5050
4138
8404
6716
27842
6943
1205
26971
26432
16509
5830
20190
11361
5006
340
7507
28717
1352
7392
27839
26298
23265
10099
23479
15923
921
10108
3794
31670
22323
5863
31064
8248
18446
22495
27366
18553
2936
11650
17651
16369
9430
9126
9676
2134
27607
15810
30604
6487
24504
9198
4532
8893
26290
10260
15742
27858
18857
12639
988
27262
20017
24183
17961
5449
2815
2532
23127
26169
24564
23016
4550
31123
3919
30272
22787
28478
13048
28540
9220
3520
28720
20640
32404
2631
31240
15024
24033
10777
10503
22105
15247
20611
1686
14799
26659
15090
1014
10676
32414
28796
12832
14604
30221
9566
10753
6082
4232
1673
30570
20828
4608
4813
29945
26193
2221
13270
16157
1889
8135
4658
22315
24030
688
27073
21299
19421
17193
12058
32428
1259
28142
21891
31847
5400
8566
2200
25333
27598
8915
26096
1447
9070
22230
455
21214
20962
20059
13217
23415
18295
1025
11242
31171
27768
13257
10688
6023
19908
12233
22232
2752
16984
25290
17562
11889
18722
13696
13882
21123
6818
29392
14219
27078
31565
6952
29651
30174
47
19858
21666
4804
31736
20935
19565
25199
18735
30135
13099
26152
30722
30716
10290
6470
25746
1910
32152
30468
225
511
28846
18980
19372
6065
29790
21251
17399
26766
25471
25593
28812
31475
8411
3175
1838
13930
9908
15264
881
6124
26662
8334
7888
27246
29502
10498
2150
27590
9305
21891
24093
569
7075
29746
16118
22215
6499
30891
20638
5528
12110
7953
5918
20201
4011
10379
1513
4440
7545
23439
4762
19597
27535
3781
24636
21675
30700
4592
27964
5283
6856
9801
15003
25368
2778
27957
15970
198
6733
9582
299
32091
20871
4454
22761
16160
32603
15776
16844
28728
32249
31600
10530
5809
7214
8631
9630
27332
15516
6828
30343
1230
6057
31637
1997
14354
21064
10988
711
2900
29579
20488
24573
25350
4732
8984
23304
26096
20023
32498
9159
20571
4409
14329
15127
30719
3873
21425
11388
25663
5086
4328
12273
15048
28869
22480
24709
17916
15664
24500
30847
15666
10339
14279
32227
32331
30282
17179
23393
10458
9259
27970
18189
2646
17146
5830
12548
7731
23994
22798
30559
20669
16801
6282
21299
4831
7583
17625
19532
6106
26584
7241
15443
14384
27007
31402
23973
18719
23346
11793
29415
10161
17183
11427
10947
24369
18207
636
237
18819
3604
7657
13404
19240
5458
8689
28573
17006
22613
6108
32196
27418
3383
6148
14508
14800
2918
3713
19624
1537
17614
32566
28542
29031
15192
27460
22282
26694
27289
18048
3488
3693
18985
15370
14005
12853
25353
29674
12215
4128
5937
18801
13283
15903
25505
4180
2024
1967
5702
29744
26854
8779
360
1881
2429
606
6365
5445
7748
19696
13677
32490
30713
14161
16329
26334
4207
24971
5721
23011
13066
9038
20027
8403
4695
5791
7063
16051
7052
15710
32289
22922
27516
13539
1215
10974
29742
4156
7723
3196
15145
11368
17482
4789
28088
23563
31043
16955
1890
26064
6502
9628
15496
401
13980
32641
22573
5972
24313
450
16662
14437
7566
30658
17030
20700
5713
6092
18474
30080
13663
19964
22070
9652
21081
19451
27073
1407
6418
30308
20228
17629
3463
1455
30430
3145
11248
8280
28557
27469
3022
3745
7398
28422
24120
31559
10581
13941
14095
31463
31676
11176
15104
13235
17832
1153
11406
6569
20876
32631
13484
10201
14424
29457
4583
29983
29185
6232
25862
25074
8304
10398
17484
27327
16750
31773
29180
13892
9798
28459
20625
5570
30878
18743
7665
29546
13643
4728
18927
11868
11586
2521
7148
24005
13602
20149
7904
24708
3215
24465
22787
32202
23374
20362
22523
10134
24326
29678
28032
30714
28239
32030
8442
11498
13340
27174
21547
22644
13563
5027
8175
5380
17921
31232
19897
19389
13945
24847
14099
3677
26323
5919
11386
29267
24283
28734
21769
25384
1905
20877
2088
11250
15159
19630
11899
21329
31356
3230
2001
10673
12712
21661
24431
29578
8006
30815
12680
17232
29387
3834
11048
669
20021
7197
13581
29708
5177
26598
10439
29112
22502
23998
30833
32131
26315
22867
24329
9609
23885
30887
9904
25175
15171
18616
9267
22172
18759
23081
10935
9259
11145
24878
13341
14344
27317
19800
28598
25333
29762
698
28725
5587
22792
17549
26944
26075
9960
2466
18994
17470
32656
7622
31469
4322
27173
21298
13777
28955
6553
13556
30175
4809
26817
141
7348
23592
21681
24951
14278
29625
26492
16194
2258
5751
3146
5022
6258
12021
22439
7105
120
135
742
29529
8720
27401
7976
25419
13903
13598
5122
21334
20216
2052
31241
7006
8705
26641
15363
26325
30512
26466
3164
3623
22770
26203
9149
20242
27625
8901
29872
4003
692
12292
13620
4437
4197
16096
4835
9109
23277
19097
32185
16233
19514
29844
22534
29959
9860
31427
1710
14820
18770
19167
12541
17680
8265
29221
20301
17573
444
16673
4917
4866
31298
29922
17905
16408
31826
14712
22341
29709
5872
26651
10360
18160
6283
18760
9320
7475
3167
6721
16812
25260
6566
12450
5682
2936
9779
30751
13270
3802
29925
15085
15224
31718
13580
15449
2259
2897
8195
13781
25871
13298
15209
32069
19457
32009
2327
22365
6748
15860
14933
13583
9772
14681
31121
6884
2273
19549
15755
11090
3459
24416
3822
17674
14868
18178
13039
1716
2347
19864
6476
25767
18025
5326
3761
4070
22946
9594
30321
23329
5289
6592
17278
28399
13247
6454
13320
10271
26958
12483
24887
12715
8162
30666
8231
11424
11842
11060
5584
19271
30093
5590
22605
23063
6409
16258
27622
5496
25815
16895
15641
14679
22989
28469
29422
15265
2126
31918
25519
1718
20888
17919
6680
4784
24338
16459
983
3599
31744
23511
22186
15942
18310
23999
25636
26470
12954
18840
14460
9216
9
2217
13710
17419
15911
2185
28174
29364
2628
1999
17503
12477
5958
8670
10232
30527
16492
13516
775
15839
28490
9498
25948
25189
22449
12349
14356
15209
17404
29058
14196
23088
15400
30063
7006
792
32201
24141
10574
5600
15045
10215
25205
19901
26963
15470
30638
6242
31575
20467
24864
31711
19665
4117
10364
26543
26033
2466
3179
13507
32662
23782
13889
2264
29918
20844
10350
18874
28535
31687
28696
18607
5471
15060
4026
17128
21473
11210
31867
14060
23348
30059
2092
3105
13430
29483
14297
28291
22121
17972
24969
8963
16053
24741
23419
14061
5824
31137
28946
21166
3132
10063
31139
3215
23855
6571
910
16730
28892
27596
15577
31083
526
25801
18444
18403
19131
21681
3654
24989
4072
11224
8493
22552
9025
32038
26433
821
16583
1122
8865
924
8644
18067
26746
26659
12123
6193
12782
23095
11787
20714
25465
9812
1795
26210
10920
19709
25099
6689
23068
11429
376
18131
20493
28149
4963
27038
17933
16284
16431
14691
11546
20295
8270
30668
4818
14152
12292
18011
24205
22305
444
24945
28798
30672
31808
10277
3412
16350
9046
25643
29002
9549
25991
29472
8270
18530
19702
32162
18155
16390
16143
13252
10396
1368
14104
10182
27801
28771
23832
29731
9177
28732
11767
17487
20851
4152
14578
30295
27480
19971
16200
3143
11998
655
29778
4438
18395
6779
26903
15755
14886
29812
28727
10854
8681
7846
19485
4049
4974
16
14711
14323
23428
12031
4238
31390
8937
8245
10331
11455
16705
28449
15342
29052
18616
1100
21849
30068
379
26607
13297
12262
29888
1259
21081
20973
22544
20280
334
31809
28628
7948
4385
19163
1056
30046
16921
21025
10202
20034
16646
6064
29738
7655
28039
21403
9976
7428
31605
10263
1844
22983
13009
28948
25478
27075
28978
31763
16384
15258
12951
11848
14208
1602
21968
18618
16634
15180
24997
31728
11436
2404
23884
18340
17490
22167
14866
17521
32161
21939
10847
1602
11329
1795
365
26433
24958
30163
4411
16373
30008
15655
14817
25962
16572
10225
11610
29105
7377
12649
13702
17516
31849
31248
15494
31834
28174
591
18265
949
22626
25289
26929
3962
1464
20591
29839
14585
29880
11466
12757
12755
27672
24273
3990
27760
21790
23618
26285
19324
2202
6081
13543
24723
13434
23881
1196
1410
23298
16708
9
7329
19685
5444
1206
28152
4374
30712
14947
19974
22102
24900
11175
24915
20843
23570
14533
10093
10622
20253
19702
28788
18954
31358
20776
5944
7262
1800
27233
30300
7151
15919
8065
12365
26470
3741
6063
30080
25712
26381
12519
4624
1817
20998
29512
24476
18841
2118
1392
7457
3554
18071
4911
24793
31557
4221
15782
29136
24750
11912
17108
27548
27231
27668
7971
6763
12766
24028
1654
13225
19683
3865
9375
17475
6806
10007
4964
30457
8311
12402
28456
8872
14671
15876
30656
13908
11875
17152
10304
9242
11727
29675
21167
9690
25971
16341
3206
32379
4494
12090
11246
460
16411
20441
16788
30293
11887
10217
22347
20918
7582
16117
1274
902
27577
3441
28456
14146
3385
9955
25816
14282
12264
20434
17322
32583
26788
27731
11022
7259
824
27944
10850
29948
12185
24250
9722
24286
32225
14446
30357
9962
29827
20155
28609
637
11691
8923
10193
4363
20318
12013
8453
5251
24824
19471
16111
5823
31183
439
11139
3086
23128
2039
30407
7863
10429
31610
3830
18473
30325
18671
8195
22389
31450
29809
18029
22710
518
15423
25258
13227
13846
28582
29613
27678
8472
19221
24430
23302
30660
6721
2712
27262
2935
5518
27488
32086
28602
3690
29483
1088
19258
9403
13039
18790
6046
27696
18015
21691
29107
2207
16946
12830
5075
2858
15961
4242
24708
23314
2958
20413
657
31086
9182
15736
20818
2760
15952
28476
2962
30624
22219
12781
12903
6452
8654
15018
13818
17943
25446
11819
25691
4108
2048
16369
29521
28974
13514
5697
17417
590
16264
14381
15563
26540
449
31073
15877
19755
26513
5051
4739
9541
7139
26195
24083
9011
31581
7653
25593
22437
27147
24641
31475
23356
18649
13035
8122
2253
5777
19378
30374
32413
25205
9751
28217
229
7749
15145
15333
5217
1688
21237
5784
30607
8384
6923
12481
4377
1210
29800
29375
2925
32669
13166
9002
3571
28844
19194
27845
25485
13962
20108
22243
32647
1907
2815
9555
8135
24951
5217
32071
5388
24906
25903
5180
27234
6106
11946
9668
4580
7910
25080
3836
6401
26299
4000
29235
22335
2183
28326
2783
30614
2292
10179
6524
19811
25452
6512
2750
15551
29136
23567
12783
8431
15232
9956
17873
1137
11231
27421
4561
12448
18505
14222
18319
9342
31390
8798
18612
14977
7519
7733
3730
1799
539
25400
3193
12104
26071
20149
3700
8460
4674
27785
11236
19568
19760
3554
4307
403
7252
29608
29116
12704
6341
4433
2410
4423
5775
5975
8414
16868
24188
9411
30629
24263
8145
28587
22619
22622
8777
24986
29578
10929
26840
13150
21163
25817
401
6935
14052
27437
17418
201
23004
22826
7431
16994
12789
5660
7675
11404
29556
23960
20620
21245
30981
7259
30427
31009
30821
17949
23343
8081
30930
6304
13016
12062
26248
18969
6362
6101
19036
24617
19668
11919
12087
13914
30410
19235
29983
9834
4979
27854
6966
26239
21565
24715
30783
4405
22228
11482
16285
900
31905
11400
32634
20123
23234
418
6027
11954
916
20710
21630
18667
5901
26128
11707
19218
19465
4308
1410
6950
31159
11399
15863
24361
31224
27960
2646
26582
30644
29793
19311
27482
29732
32127
10877
20609
31356
12773
1857
23682
23990
8613