4315
8305
3135
4299
2591
6501
8145
26531
16921
3949
10691
14196
22487
3321
2828
8671
16308
19948
2331
18878
4222
1984
31425
14255
10406
20586
2495
18991
25634
26208
7243
16465
14007
17819
7323
26385
12280
30534
26625
6614
25960
17608
16217
7430
21130
2796
11628
30567
32131
19258
8560
31180
2297
16288
17977
32466
10408
18808
30793
13565
21057
472
3634
9096
2291
30380
26919
27506
7403
12747
31682
29308
9421
10384
8635
6956
13178
18646
10513
21810
8934
3868
161
21467
17210
27373
13006
24274
29827
8008
11482
498
3172
26253
16808
17176
19192
29373
30748
17266
26456
29308
25306
32302
12364
31544
6433
26972
11678
20117
6548
947
13384
16101
6424
25688
21812
12000
12699
14074
9830
1965
6710
1007
20406
18539
30424
6474
11371
1867
4530
5871
10980
23112
23879
5213
25338
31219
31686
27698
121
26985
10090
13496
30311
6057
3371
16336
9386
26474
16719
21026
8409
23821
48
20705
17601
4122
18182
28896
3908
1016
19741
29276
11102
22173
13461
27619
1718
16741
23860
19488
32718
16768
26331
32453
319
11853
6707
18655
19480
14659
28629
7956
16841
11277
21151
7700
26835
25259
6756
5690
31024
21384
10998
28357
22809
2703
23041
1304
14190
3696
14755
16463
32766
29022
17692
9
13381
20232
4216
5622
27127
23271
15407
1230
11851
15618
6752
8421
9717
32253
27814
29736
11463
22691
15441
506
20739
31621
10795
1507
21300
31736
27998
9867
13698
6808
8755
16782
18361
4315
11858
3894
566
11256
17300
12303
5404
16219
32125
11164
13623
31028
25286
1832
16802
13728
1121
17244
22077
17824
20641
9428
26154
3568
22109
2513
1926
11282
14593
20322
11592
24404
32592
18442
3974
29332
31750
22090
7323
25733
14527
12478
21215
4755
10520
30069
10851
30189
9185
9320
3823
8426
11271
25718
19232
22342
29474
4240
7877
30008
16487
29831
15678
14587
24662
32282
25850
25379
3512
17126
10642
7522
31961
24273
7868
31459
23911
15643
3926
15417
21495
32733
29394
8590
11083
17982
2885
21231
3348
17084
2711
18611
5911
20442
1559
1084
12100
19782
20940
23495
9703
30007
12777
16176
17372
13290
11025
22984
15586
79
31830
26867
25064
27244
4694
1792
5440
4225
13612
2985
12013
1862
2961
4240
22639
9026
6819
24773
23083
14382
9588
20099
25718
16422
18310
6781
25729
12163
23839
273
23757
26545
11450
22847
8110
12578
31285
9027
19872
19074
24927
30296
27811
18440
21361
19107
1989
32514
19954
21022
21844
31867
18630
10940
2941
27083
28652
30027
23510
27979
7411
21066
12541
19569
29101
16128
27628
12239
24861
14598
27285
16822
7945
23963
30254
4765
14424
17680
19670
2456
6226
17695
27640
28261
24720
3130
21828
7509
18503
6080
17242
1571
11970
18104
4035
17781
6695
22974
18710
19668
59
26056
31431
1892
26420
6374
30875
29244
24721
31607
26189
8387
13527
18663
9816
25829
21173
12376
23751
36
24896
32433
7707
22721
1769
10438
28926
19387
3560
32492
22697
32429
5568
24883
18393
8857
10280
10892
16465
12138
1666
32219
6601
10307
29367
16867
6044
15918
9182
16119
27497
30374
25652
1134
17777
4929
12444
8005
31126
24061
4357
662
13668
30028
1516
16558
10069
27840
19413
12008
22582
14439
1152
18751
30672
27382
26762
25031
6465
7517
25901
28136
26864
7089
11507
30600
6215
23914
17703
24745
2162
6168
8001
24617
31442
23786
28692
3329
28817
27323
17741
16257
17507
9111
18087
31160
23456
14139
15838
26056
31516
1088
160
4400
26880
26045
16758
4457
1048
29176
29918
21290
19440
6423
27234
9171
8771
28741
14949
12951
27662
22135
23135
23928
2974
28046
3857
15482
15342
836
6304
16572
3871
9287
368
7527
9722
30106
18394
16942
9096
2653
27314
14771
29065
24828
21823
23663
25169
11697
13974
13398
3770
1906
23270
2794
3968
3941
14495
11720
25966
20178
4111
12950
31959
1279
31282
2417
23547
20067
21732
11312
32135
12407
7978
25341
1373
12072
26902
3541
10375
9097
31518
5429
29299
30282
9507
16903
23757
12687
18313
18621
17308
6135
15519
19466
30732
19440
852
5241
5640
25378
26052
19566
25567
11631
9179
5478
7727
14189
11280
7778
41
1247
18971
13615
8713
24082
30442
4125
12433
15366
6821
4477
19638
4482
6111
26689
32138
27221
18288
4412
22864
6073
675
5832
13892
9799
7699
31532
3503
31954
23398
5966
25279
17362
16006
8615
19071
25737
15753
1714
17264
12988
2690
27027
9007
10697
27007
22059
6867
27297
31518
1061
3639
25608
23192
16619
7953
4565
28619
20152
15592
21685
23807
5327
29174
5377
13589
4804
15958
10358
10887
29172
2618
26789
28986
3491
25480
6511
25807
10686
3847
3481
29008
17542
17816
10875
19929
23077
12960
24140
13601
13653
1063
234
17525
23414
1668
22898
12066
9175
31763
32513
24737
16375
14260
28630
18788
19714
24996
14310
18182
27219
22504
7045
23865
22687
11388
26283
11456
15166
2902
32073
15880
32679
19617
249
10399
9329
30910
5341
9335
3171
28144
12180
30933
5995
110
24202
23845
18346
29016
23121
20545
29
26001
25916
32046
27528
654
3694
23501
14221
18618
14625
8321
20871
9146
32482
9229
25572
17759
16521
17648
29353
5130
16211
13263
16155
18832
18539
18126
19596
8838
28028
10898
24561
24340
8059
12561
11655
2933
4194
16745
1767
16578
7050
6744
19862
12058
25794
15727
5055
15336
28503
25249
19419
22729
8330
5731
29460
4021
31155
7941
7443
19335
26949
30690
13452
15540
22270
29579
17661
27309
12489
29269
17916
29915
4855
30171
23387
16192
4262
794
32559
20323
3310
23615
9993
28795
31609
3771
18768
28711
18743
22616
23647
30142
25987
7892
15176
22148
21906
11121
18801
29708
29538
11263
8483
20165
13721
26696
19745
15959
14450
23272
7252
21193
29520
10392
10512
31581
22387
17764
24961
8837
18746
26605
28027
21883
12874
23727
16782
5312
1963
27755
13173
18661
28832
21392
8035
302
13260
21737
23813
30367
29704
17455
19780
9160
26326
20681
7539
10193
6264
5715
18085
17523
28492
20808
10651
13454
13921
12912
20733
18190
11106
4050
11111
1926
13976
21161
24420
12407
16265
17986
27002
2575
14217
792
30527
7306
7666
15877
19849
4054
2826