19069
21153
11732
4242
9481
8425
18102
14423
25453
22234
1261
2709
10054
13283
542
30368
21008
26950
16540
9550
8236
31271
14026
30418
20781
32393
27329
19707
6209
9284
25430
7113
4681
20651
503
17617
27747
15738
4488
11993
20337
18587
26016
22868
18982
32540
22375
9523
21608
30962
13699
7467
17716
31216
13897
32507
19877
24710
16555
31516
9126
1570
24435
12286
30719
10862
9983
7675
1949
11514
18902
28204
23731
7307
7960
5832
11764
4886
31466
3630
30622
11093
20480
17015
26511
18503
25448
16758
2336
20806
25359
27038
3285
13245
28096
10474
22348
8181
15143
30735